object={
	name="steppe_bush_01_generator_0"
	clamp_to_water_level=no
	render_under_water=no
	generated_content=yes
	layer="grass_layer"
	pdxmesh="steppe_bush_01_mesh"
	count=45
	transform="3132.176270 0.000000 2556.111328 0.000000 0.334132 0.000000 0.942526 0.290402 0.290402 0.290402
3156.583496 0.000000 2554.437012 0.000000 0.221938 0.000000 0.975061 0.275531 0.275531 0.275531
3141.178955 0.000000 2553.946533 0.000000 0.901861 0.000000 0.432026 0.426669 0.426669 0.426669
3166.932129 0.000000 2551.324463 0.000000 0.984929 0.000000 -0.172960 0.528318 0.528318 0.528318
3164.121582 0.000000 2558.364014 0.000000 0.627873 0.000000 0.778315 0.356367 0.356367 0.356367
3135.719482 0.000000 2556.462158 0.000000 0.371947 0.000000 -0.928254 0.696770 0.696770 0.696770
3186.792969 0.000000 2549.956055 0.000000 0.844668 0.000000 -0.535291 0.597655 0.597655 0.597655
3169.868408 0.000000 2556.543701 0.000000 0.985129 0.000000 -0.171819 0.528021 0.528021 0.528021
3144.878174 0.000000 2550.217285 0.000000 0.099875 0.000000 0.995000 0.260414 0.260414 0.260414
3160.813477 0.000000 2555.475342 0.000000 0.733096 0.000000 -0.680125 0.621838 0.621838 0.621838
3164.327637 0.000000 2554.087402 0.000000 0.611201 0.000000 0.791475 0.346677 0.346677 0.346677
3183.249023 0.000000 2550.927002 0.000000 0.311395 0.000000 0.950281 0.292571 0.292571 0.292571
3149.238525 0.000000 2555.410645 0.000000 0.022455 0.000000 -0.999748 0.760921 0.760921 0.760921
3144.523193 0.000000 2554.037354 0.000000 0.209532 0.000000 -0.977802 0.724041 0.724041 0.724041
3168.757080 0.000000 2553.796631 0.000000 0.723020 0.000000 -0.690827 0.628992 0.628992 0.628992
3137.567383 0.000000 2554.551270 0.000000 0.997425 0.000000 -0.071720 0.512007 0.512007 0.512007
3166.400146 0.000000 2553.444092 0.000000 0.454705 0.000000 0.890642 0.309355 0.309355 0.309355
3134.811035 0.000000 2566.277832 0.000000 0.941272 0.000000 0.337648 0.442390 0.442390 0.442390
3146.999023 0.000000 2560.161865 0.000000 0.800798 0.000000 0.598935 0.395391 0.395391 0.395391
3135.989990 0.000000 2562.668213 0.000000 0.068865 0.000000 -0.997626 0.739968 0.739968 0.739968
3171.113281 0.000000 2559.937500 0.000000 0.996331 0.000000 0.085578 0.486042 0.486042 0.486042
3145.292725 0.000000 2569.620361 0.000000 0.292772 0.000000 -0.956182 0.704301 0.704301 0.704301
3157.191895 0.000000 2559.729004 0.000000 0.839896 0.000000 -0.542747 0.592740 0.592740 0.592740
3137.934814 0.000000 2568.836914 0.000000 0.801987 0.000000 0.597341 0.396913 0.396913 0.396913
3165.121826 0.000000 2561.098633 0.000000 0.576860 0.000000 -0.816843 0.658105 0.658105 0.658105
3142.405762 0.000000 2564.062500 0.000000 0.340436 0.000000 -0.940268 0.697003 0.697003 0.697003
3147.720703 0.000000 2564.981201 0.000000 0.134126 0.000000 0.990964 0.259758 0.259758 0.259758
3135.642090 0.000000 2566.058838 0.000000 0.954398 0.000000 -0.298538 0.550709 0.550709 0.550709
3144.838135 0.000000 2566.274902 0.000000 0.317174 0.000000 -0.948367 0.705644 0.705644 0.705644
3168.192871 0.000000 2561.180420 0.000000 0.991267 0.000000 -0.131872 0.522535 0.522535 0.522535
3145.279053 0.000000 2563.355469 0.000000 0.830661 0.000000 -0.556778 0.598035 0.598035 0.598035
4293.054688 0.000000 2815.265869 0.000000 0.881719 0.000000 0.471776 0.420580 0.420580 0.420580
4412.020020 0.000000 2748.064453 0.000000 0.401980 0.000000 -0.915649 0.684883 0.684883 0.684883
4374.196777 0.000000 2701.663574 0.000000 0.070094 0.000000 0.997540 0.257418 0.257418 0.257418
4446.395020 0.000000 2779.587402 0.000000 0.415849 0.000000 -0.909434 0.684593 0.684593 0.684593
4243.258301 0.000000 2863.650391 0.000000 0.915725 0.000000 -0.401805 0.567099 0.567099 0.567099
4337.838867 0.000000 2875.705078 0.000000 0.880725 0.000000 -0.473628 0.580376 0.580376 0.580376
4335.026855 0.000000 2880.725098 0.000000 0.949199 0.000000 0.314676 0.448453 0.448453 0.448453
4340.361328 0.000000 2886.600098 0.000000 0.956143 0.000000 -0.292899 0.547866 0.547866 0.547866
4338.696289 0.000000 2882.746094 0.000000 0.134714 0.000000 -0.990884 0.734767 0.734767 0.734767
4386.964844 0.000000 2879.859375 0.000000 0.992203 0.000000 -0.124634 0.520122 0.520122 0.520122
4367.674805 0.000000 2905.884521 0.000000 0.128775 0.000000 -0.991674 0.735746 0.735746 0.735746
4392.904297 0.000000 2881.368164 0.000000 0.077328 0.000000 -0.997006 0.742341 0.742341 0.742341
4364.075195 0.000000 2908.930664 0.000000 0.567180 0.000000 -0.823594 0.658849 0.658849 0.658849
4367.440430 0.000000 2909.426514 0.000000 0.226952 0.000000 -0.973906 0.722774 0.722774 0.722774
"}
