object={
	name="tree_leaf_01_single_generator_1_0"
	clamp_to_water_level=no
	render_under_water=no
	generated_content=yes
	layer="tree_high_layer"
	pdxmesh="tree_leaf_01_single_a_mesh"
	count=189
	transform="613.277588 0.000000 1696.724121 0.000000 0.976418 0.000000 0.215889 0.680986 0.680986 0.680986
606.628418 0.000000 1712.260864 0.000000 0.072505 0.000000 0.997368 0.532430 0.532430 0.532430
601.336731 0.000000 1700.324463 0.000000 0.998750 0.000000 -0.049985 0.706292 0.706292 0.706292
605.499573 0.000000 1687.226929 0.000000 0.632787 0.000000 0.774325 0.622613 0.622613 0.622613
609.015991 0.000000 1695.853149 0.000000 0.675142 0.000000 -0.737688 0.721748 0.721748 0.721748
606.025269 0.000000 1703.166260 0.000000 0.172410 0.000000 0.985025 0.621847 0.621847 0.621847
598.148010 0.000000 1699.861938 0.000000 0.958887 0.000000 0.283788 0.675360 0.675360 0.675360
600.759399 0.000000 1697.264893 0.000000 0.951563 0.000000 -0.307454 0.717477 0.717477 0.717477
601.455505 0.000000 1703.074951 0.000000 0.917223 0.000000 0.398374 0.674222 0.674222 0.674222
602.880310 0.000000 1687.840576 0.000000 0.273522 0.000000 0.961866 0.598258 0.598258 0.598258
611.469727 0.000000 1694.837280 0.000000 0.529858 0.000000 -0.848086 0.813228 0.813228 0.813228
607.414612 0.000000 1710.087280 0.000000 0.883545 0.000000 0.468345 0.651447 0.651447 0.651447
613.436646 0.000000 1699.089478 0.000000 0.854426 0.000000 -0.519573 0.760152 0.760152 0.760152
614.001648 0.000000 1701.756592 0.000000 0.696354 0.000000 -0.717699 0.778340 0.778340 0.778340
610.848572 0.000000 1696.764771 0.000000 0.271136 0.000000 0.962541 0.575411 0.575411 0.575411
604.570251 0.000000 1711.907959 0.000000 0.590623 0.000000 -0.806947 0.780405 0.780405 0.780405
599.892883 0.000000 1699.127197 0.000000 0.731001 0.000000 -0.682376 0.764310 0.764310 0.764310
602.093506 0.000000 1689.638794 0.000000 0.029774 0.000000 -0.999557 0.853504 0.853504 0.853504
599.354919 0.000000 1685.290039 0.000000 0.498005 0.000000 -0.867174 0.817382 0.817382 0.817382
614.989075 0.000000 1698.577515 0.000000 0.278584 0.000000 0.960412 0.555890 0.555890 0.555890
604.358521 0.000000 1688.240723 0.000000 0.189464 0.000000 -0.981888 0.902606 0.902606 0.902606
630.625610 0.000000 1738.841919 0.000000 0.335583 0.000000 -0.942011 0.961938 0.961938 0.961938
627.149109 0.000000 1731.027344 0.000000 0.106026 0.000000 -0.994363 0.758868 0.758868 0.758868
614.803650 0.000000 1736.438354 0.000000 0.724941 0.000000 0.688811 0.567210 0.567210 0.567210
631.160156 0.000000 1751.359375 0.000000 0.503821 0.000000 0.863808 0.645330 0.645330 0.645330
626.077942 0.000000 1735.507690 0.000000 0.933025 0.000000 0.359812 0.673628 0.673628 0.673628
630.262817 0.000000 1736.600220 0.000000 0.822588 0.000000 -0.568637 0.762364 0.762364 0.762364
616.503662 0.000000 1737.550171 0.000000 0.821644 0.000000 -0.570001 0.822951 0.822951 0.822951
632.431213 0.000000 1749.766968 0.000000 0.025343 0.000000 -0.999679 0.862048 0.862048 0.862048
630.044434 0.000000 1749.625000 0.000000 0.633116 0.000000 0.774057 0.600992 0.600992 0.600992
631.889099 0.000000 1737.567383 0.000000 0.876975 0.000000 0.480536 0.648316 0.648316 0.648316
617.767273 0.000000 1736.576782 0.000000 0.778963 0.000000 0.627070 0.562599 0.562599 0.562599
631.607849 0.000000 1739.855347 0.000000 0.882542 0.000000 0.470234 0.595624 0.595624 0.595624
616.053345 0.000000 1736.410034 0.000000 0.821220 0.000000 0.570612 0.576898 0.576898 0.576898
696.615906 0.000000 1767.174316 0.000000 0.823206 0.000000 0.567743 0.693669 0.693669 0.693669
703.151672 0.000000 1759.174194 0.000000 0.563036 0.000000 0.826433 0.519805 0.519805 0.519805
676.670654 0.000000 1749.226440 0.000000 0.129257 0.000000 0.991611 0.271842 0.271842 0.271842
699.517090 0.000000 1764.343750 0.000000 0.087106 0.000000 -0.996199 1.005936 1.005936 1.005936
662.319275 0.000000 1745.999878 0.000000 0.341599 0.000000 0.939846 0.554762 0.554762 0.554762
703.293823 0.000000 1756.418579 0.000000 0.816775 0.000000 -0.576956 0.780607 0.780607 0.780607
677.117371 0.000000 1759.062500 0.000000 0.659405 0.000000 -0.751788 0.804075 0.804075 0.804075
660.143188 0.000000 1744.209717 0.000000 0.860267 0.000000 0.509844 0.607439 0.607439 0.607439
661.735229 0.000000 1744.586792 0.000000 0.999994 0.000000 -0.003389 0.700586 0.700586 0.700586
698.209717 0.000000 1764.115845 0.000000 0.999920 0.000000 -0.012668 0.702612 0.702612 0.702612
676.770203 0.000000 1748.014038 0.000000 0.101531 0.000000 0.994832 0.263549 0.263549 0.263549
687.799316 0.000000 1762.346802 0.000000 0.947603 0.000000 -0.319451 0.776711 0.776711 0.776711
698.698181 0.000000 1765.180786 0.000000 0.441322 0.000000 0.897349 0.470333 0.470333 0.470333
677.614746 0.000000 1748.853149 0.000000 0.985125 0.000000 -0.171841 0.751307 0.751307 0.751307
703.988831 0.000000 1758.653564 0.000000 0.225302 0.000000 0.974289 0.451117 0.451117 0.451117
619.731445 0.000000 2919.375488 0.000000 0.060624 0.000000 0.998161 0.581241 0.581241 0.581241
618.346985 0.000000 2916.630859 0.000000 0.999999 0.000000 0.001517 0.699897 0.699897 0.699897
623.026672 0.000000 2907.119385 0.000000 0.968640 0.000000 0.248468 0.593807 0.593807 0.593807
621.518066 0.000000 2917.986572 0.000000 0.605290 0.000000 0.796005 0.571285 0.571285 0.571285
622.580566 0.000000 2906.222656 0.000000 0.612895 0.000000 0.790164 0.314692 0.314692 0.314692
623.573547 0.000000 2906.269531 0.000000 0.236558 0.000000 0.971617 0.136688 0.136688 0.136688
845.326050 0.000000 2935.744873 0.000000 0.778772 0.000000 0.627306 0.579128 0.579128 0.579128
836.809814 0.000000 2932.717773 0.000000 0.230190 0.000000 0.973146 0.671930 0.671930 0.671930
844.406677 0.000000 2932.186279 0.000000 0.402931 0.000000 -0.915231 0.778794 0.778794 0.778794
840.804199 0.000000 2937.943604 0.000000 0.797984 0.000000 -0.602679 0.924956 0.924956 0.924956
842.781677 0.000000 2936.368896 0.000000 0.882880 0.000000 -0.469599 0.864877 0.864877 0.864877
842.154724 0.000000 2931.091064 0.000000 0.771497 0.000000 -0.636234 0.747001 0.747001 0.747001
843.134705 0.000000 2938.846924 0.000000 0.998945 0.000000 -0.045927 0.705058 0.705058 0.705058
843.470032 0.000000 2934.226562 0.000000 0.366624 0.000000 -0.930369 1.218095 1.218095 1.218095
840.221558 0.000000 2936.033447 0.000000 0.633887 0.000000 0.773425 0.392493 0.392493 0.392493
844.413208 0.000000 2937.437500 0.000000 0.250426 0.000000 -0.968136 0.845073 0.845073 0.845073
840.831421 0.000000 2939.803955 0.000000 0.867137 0.000000 -0.498071 0.760135 0.760135 0.760135
842.441101 0.000000 2932.836426 0.000000 0.317055 0.000000 -0.948407 1.042462 1.042462 1.042462
838.977112 0.000000 2933.565674 0.000000 0.664380 0.000000 -0.747395 0.815065 0.815065 0.815065
838.717041 0.000000 2936.789551 0.000000 0.993433 0.000000 -0.114412 0.720439 0.720439 0.720439
840.943909 0.000000 2932.448242 0.000000 0.849780 0.000000 0.527138 0.538929 0.538929 0.538929
842.243591 0.000000 2937.722168 0.000000 0.992003 0.000000 -0.126211 0.742683 0.742683 0.742683
841.567444 0.000000 2935.548096 0.000000 0.606896 0.000000 -0.794782 1.109380 1.109380 1.109380
839.814148 0.000000 2934.675293 0.000000 0.849310 0.000000 -0.527894 0.845780 0.845780 0.845780
843.937683 0.000000 2935.517578 0.000000 0.984124 0.000000 0.177482 0.622670 0.622670 0.622670
841.490234 0.000000 2936.767334 0.000000 0.277477 0.000000 -0.960732 1.148493 1.148493 1.148493
840.223694 0.000000 2933.416504 0.000000 0.999338 0.000000 0.036368 0.689447 0.689447 0.689447
842.291870 0.000000 2934.503906 0.000000 0.806848 0.000000 -0.590759 0.973909 0.973909 0.973909
843.579346 0.000000 2933.081543 0.000000 0.364762 0.000000 0.931101 0.371463 0.371463 0.371463
843.319031 0.000000 2937.329102 0.000000 0.960550 0.000000 0.278109 0.604945 0.604945 0.604945
840.502869 0.000000 2936.989502 0.000000 0.790216 0.000000 -0.612828 0.929401 0.929401 0.929401
842.917419 0.000000 2935.285645 0.000000 0.995954 0.000000 -0.089863 0.738999 0.738999 0.738999
840.668274 0.000000 2935.154053 0.000000 0.642162 0.000000 -0.766569 1.089252 1.089252 1.089252
2900.011963 0.000000 2115.114990 0.000000 0.240926 0.000000 0.970544 0.519050 0.519050 0.519050
2906.674561 0.000000 2116.031494 0.000000 0.111202 0.000000 0.993798 0.524025 0.524025 0.524025
2901.705078 0.000000 2115.831299 0.000000 0.475011 0.000000 -0.879980 0.846647 0.846647 0.846647
2906.663086 0.000000 2117.775146 0.000000 0.553117 0.000000 -0.833104 0.818738 0.818738 0.818738
2909.416260 0.000000 2117.242432 0.000000 0.778304 0.000000 0.627888 0.531542 0.531542 0.531542
2900.364746 0.000000 2112.442627 0.000000 0.933827 0.000000 0.357725 0.536973 0.536973 0.536973
2901.903076 0.000000 2112.324463 0.000000 0.996188 0.000000 0.087228 0.661079 0.661079 0.661079
2957.068115 0.000000 2167.932373 0.000000 0.967622 0.000000 0.252403 0.683501 0.683501 0.683501
2963.675537 0.000000 2164.633057 0.000000 0.499824 0.000000 0.866127 0.582853 0.582853 0.582853
2963.078857 0.000000 2163.289551 0.000000 0.723038 0.000000 0.690809 0.573392 0.573392 0.573392
2960.361816 0.000000 2163.902100 0.000000 0.832609 0.000000 -0.553862 0.825151 0.825151 0.825151
2959.225098 0.000000 2164.395752 0.000000 0.259901 0.000000 -0.965635 1.074842 1.074842 1.074842
2961.922607 0.000000 2162.786377 0.000000 0.785343 0.000000 -0.619061 0.842324 0.842324 0.842324
2958.068359 0.000000 2165.949951 0.000000 0.547464 0.000000 0.836830 0.415842 0.415842 0.415842
2959.208252 0.000000 2166.595947 0.000000 0.883577 0.000000 0.468286 0.522849 0.522849 0.522849
2961.501953 0.000000 2164.842041 0.000000 0.382456 0.000000 0.923974 0.174890 0.174890 0.174890
2961.243408 0.000000 2165.672119 0.000000 0.652879 0.000000 -0.757462 1.082985 1.082985 1.082985
2886.472900 0.000000 2190.372314 0.000000 0.746339 0.000000 0.665565 0.586731 0.586731 0.586731
2900.428711 0.000000 2193.312256 0.000000 0.882604 0.000000 0.470117 0.646971 0.646971 0.646971
2885.136719 0.000000 2193.791016 0.000000 0.940400 0.000000 0.340071 0.659978 0.659978 0.659978
2893.566406 0.000000 2193.053467 0.000000 0.997693 0.000000 -0.067884 0.704274 0.704274 0.704274
2896.689941 0.000000 2195.706055 0.000000 0.453256 0.000000 0.891380 0.565389 0.565389 0.565389
2898.846680 0.000000 2191.221924 0.000000 0.430602 0.000000 0.902542 0.562300 0.562300 0.562300
2885.122559 0.000000 2188.754883 0.000000 0.424683 0.000000 0.905342 0.601071 0.601071 0.601071
2895.142334 0.000000 2192.038574 0.000000 0.711442 0.000000 -0.702745 0.900185 0.900185 0.900185
2887.925537 0.000000 2191.158203 0.000000 0.918754 0.000000 0.394830 0.636871 0.636871 0.636871
2887.836670 0.000000 2189.710205 0.000000 0.847532 0.000000 -0.530744 0.791907 0.791907 0.791907
2895.348877 0.000000 2193.472656 0.000000 0.513074 0.000000 0.858344 0.434876 0.434876 0.434876
2887.659180 0.000000 2192.955566 0.000000 0.230724 0.000000 0.973019 0.311855 0.311855 0.311855
2886.258545 0.000000 2193.280273 0.000000 0.289741 0.000000 -0.957105 1.070410 1.070410 1.070410
2899.518066 0.000000 2192.992432 0.000000 0.452174 0.000000 0.891930 0.209092 0.209092 0.209092
2863.934326 0.000000 2261.396484 0.000000 0.146244 0.000000 -0.989249 0.871714 0.871714 0.871714
2857.070068 0.000000 2273.886230 0.000000 0.024946 0.000000 0.999689 0.643269 0.643269 0.643269
2860.020752 0.000000 2272.525391 0.000000 0.851602 0.000000 -0.524189 0.721214 0.721214 0.721214
2861.502441 0.000000 2260.011719 0.000000 0.960629 0.000000 0.277833 0.675891 0.675891 0.675891
2862.847168 0.000000 2263.226807 0.000000 0.989844 0.000000 0.142160 0.686788 0.686788 0.686788
2861.118652 0.000000 2258.261230 0.000000 0.309265 0.000000 0.950976 0.577045 0.577045 0.577045
2858.550293 0.000000 2268.541992 0.000000 0.249241 0.000000 0.968442 0.395755 0.395755 0.395755
2862.294434 0.000000 2261.600586 0.000000 0.721793 0.000000 0.692109 0.607825 0.607825 0.607825
2862.743408 0.000000 2265.502197 0.000000 0.523272 0.000000 0.852166 0.573426 0.573426 0.573426
2858.443115 0.000000 2273.242920 0.000000 0.807905 0.000000 -0.589313 0.860796 0.860796 0.860796
2862.570801 0.000000 2258.690918 0.000000 0.833660 0.000000 0.552277 0.600818 0.600818 0.600818
2859.089844 0.000000 2271.689209 0.000000 0.812479 0.000000 0.582990 0.518353 0.518353 0.518353
2859.734619 0.000000 2273.640869 0.000000 0.390300 0.000000 0.920688 0.401519 0.401519 0.401519
2925.291748 0.000000 2291.908447 0.000000 0.944694 0.000000 -0.327954 0.777663 0.777663 0.777663
2924.275391 0.000000 2294.721191 0.000000 0.986225 0.000000 0.165411 0.691869 0.691869 0.691869
2925.851318 0.000000 2293.781738 0.000000 0.318127 0.000000 0.948048 0.484248 0.484248 0.484248
2924.340088 0.000000 2293.173828 0.000000 0.980287 0.000000 0.197577 0.665591 0.665591 0.665591
2925.517334 0.000000 2290.294434 0.000000 0.880059 0.000000 -0.474865 0.815008 0.815008 0.815008
2926.970215 0.000000 2295.919678 0.000000 0.932285 0.000000 -0.361724 0.861703 0.861703 0.861703
2927.944824 0.000000 2294.243652 0.000000 0.970125 0.000000 -0.242607 0.807063 0.807063 0.807063
2926.418701 0.000000 2294.559082 0.000000 0.929712 0.000000 0.368288 0.535217 0.535217 0.535217
2927.762451 0.000000 2293.393311 0.000000 0.631358 0.000000 0.775492 0.304503 0.304503 0.304503
2981.336182 0.000000 2223.164062 0.000000 0.998042 0.000000 0.062543 0.694641 0.694641 0.694641
2980.487305 0.000000 2225.598877 0.000000 0.934242 0.000000 -0.356641 0.793044 0.793044 0.793044
2982.458008 0.000000 2225.027588 0.000000 0.226584 0.000000 -0.973992 1.262957 1.262957 1.262957
3051.010742 0.000000 2220.422363 0.000000 0.911398 0.000000 0.411527 0.657010 0.657010 0.657010
3044.479492 0.000000 2225.598877 0.000000 0.605172 0.000000 -0.796095 0.878621 0.878621 0.878621
3047.928223 0.000000 2224.420410 0.000000 0.470585 0.000000 -0.882355 1.181660 1.181660 1.181660
3046.450195 0.000000 2225.027588 0.000000 0.189311 0.000000 0.981917 0.084875 0.084875 0.084875
3051.160156 0.000000 2222.942871 0.000000 0.727669 0.000000 -0.685928 1.036845 1.036845 1.036845
3050.558838 0.000000 2222.247559 0.000000 0.843169 0.000000 -0.537649 0.952962 0.952962 0.952962
3016.133545 0.000000 2244.711670 0.000000 0.997559 0.000000 -0.069835 0.707695 0.707695 0.707695
3017.987549 0.000000 2244.973145 0.000000 0.851035 0.000000 0.525109 0.639133 0.639133 0.639133
3043.855469 0.000000 2268.298340 0.000000 0.935381 0.000000 0.353642 0.576822 0.576822 0.576822
3035.044189 0.000000 2261.687012 0.000000 0.976229 0.000000 -0.216743 0.797361 0.797361 0.797361
2889.323730 0.000000 2313.682861 0.000000 0.201331 0.000000 -0.979523 1.295317 1.295317 1.295317
2895.854248 0.000000 2330.025146 0.000000 0.141030 0.000000 -0.990005 0.709991 0.709991 0.709991
2891.751709 0.000000 2309.043701 0.000000 0.820339 0.000000 0.571878 0.688297 0.688297 0.688297
2885.636230 0.000000 2314.609619 0.000000 0.007290 0.000000 -0.999973 1.396751 1.396751 1.396751
2891.527344 0.000000 2315.721924 0.000000 0.957068 0.000000 -0.289865 0.751908 0.751908 0.751908
2901.692871 0.000000 2337.170410 0.000000 0.810078 0.000000 -0.586323 0.768978 0.768978 0.768978
2887.159180 0.000000 2312.910156 0.000000 0.928080 0.000000 -0.372381 0.870042 0.870042 0.870042
2884.145264 0.000000 2313.095947 0.000000 0.110382 0.000000 -0.993889 1.090426 1.090426 1.090426
2893.666260 0.000000 2310.650146 0.000000 0.666495 0.000000 -0.745510 0.895542 0.895542 0.895542
2887.639404 0.000000 2314.883545 0.000000 0.122946 0.000000 0.992413 0.361021 0.361021 0.361021
2890.811523 0.000000 2310.835938 0.000000 0.338883 0.000000 -0.940829 1.181704 1.181704 1.181704
2883.420898 0.000000 2314.747314 0.000000 0.736979 0.000000 -0.675916 0.831004 0.831004 0.831004
2889.564209 0.000000 2312.005371 0.000000 0.354155 0.000000 0.935187 0.173999 0.173999 0.173999
2889.943115 0.000000 2315.377930 0.000000 0.799949 0.000000 -0.600068 0.861960 0.861960 0.861960
2890.920410 0.000000 2313.411133 0.000000 0.593046 0.000000 0.805168 0.282905 0.282905 0.282905
2898.890137 0.000000 2336.092773 0.000000 0.158962 0.000000 -0.987285 1.136503 1.136503 1.136503
2885.583252 0.000000 2312.846680 0.000000 0.658953 0.000000 -0.752184 0.927640 0.927640 0.927640
2901.298584 0.000000 2334.243164 0.000000 0.773852 0.000000 0.633366 0.578935 0.578935 0.578935
2892.314697 0.000000 2310.348389 0.000000 0.699458 0.000000 -0.714673 0.885050 0.885050 0.885050
2901.533691 0.000000 2335.743652 0.000000 0.442338 0.000000 -0.896848 0.896379 0.896379 0.896379
2884.579102 0.000000 2315.459229 0.000000 0.929693 0.000000 -0.368336 0.868101 0.868101 0.868101
2888.390869 0.000000 2312.697021 0.000000 0.936589 0.000000 -0.350429 0.855796 0.855796 0.855796
2886.727539 0.000000 2314.063965 0.000000 0.680760 0.000000 -0.732506 0.892492 0.892492 0.892492
2893.336914 0.000000 2311.874756 0.000000 0.417540 0.000000 0.908659 0.435017 0.435017 0.435017
2885.931885 0.000000 2315.810303 0.000000 0.482232 0.000000 0.876044 0.224243 0.224243 0.224243
2888.843262 0.000000 2314.785400 0.000000 0.999274 0.000000 -0.038089 0.709588 0.709588 0.709588
2884.491699 0.000000 2314.199463 0.000000 0.661242 0.000000 0.750173 0.321958 0.321958 0.321958
2891.019043 0.000000 2311.974609 0.000000 0.027692 0.000000 -0.999617 1.306757 1.306757 1.306757
2896.699463 0.000000 2330.793945 0.000000 0.921820 0.000000 0.387617 0.522617 0.522617 0.522617
2888.111084 0.000000 2313.829102 0.000000 0.162707 0.000000 -0.986674 1.312412 1.312412 1.312412
2901.854736 0.000000 2332.155762 0.000000 0.211386 0.000000 0.977403 0.094917 0.094917 0.094917
2891.852783 0.000000 2311.305176 0.000000 0.012139 0.000000 -0.999926 1.312874 1.312874 1.312874
2897.530273 0.000000 2328.746338 0.000000 0.829825 0.000000 -0.558024 0.963816 0.963816 0.963816
2897.892822 0.000000 2330.918701 0.000000 0.885679 0.000000 0.464298 0.484829 0.484829 0.484829
2896.583984 0.000000 2329.271973 0.000000 0.577009 0.000000 -0.816737 1.125907 1.125907 1.125907
2890.020752 0.000000 2312.921143 0.000000 0.694302 0.000000 -0.719684 1.057999 1.057999 1.057999
2891.850830 0.000000 2313.212402 0.000000 0.488103 0.000000 -0.872786 1.172765 1.172765 1.172765
2886.339600 0.000000 2313.273193 0.000000 0.414828 0.000000 0.909900 0.190621 0.190621 0.190621
2901.416260 0.000000 2333.414795 0.000000 0.701694 0.000000 0.712478 0.346602 0.346602 0.346602
2887.636719 0.000000 2312.252686 0.000000 0.844668 0.000000 -0.535290 0.951717 0.951717 0.951717
5043.603516 0.000000 1045.479248 0.000000 0.263214 0.000000 0.964737 0.640730 0.640730 0.640730
"}
