object={
	name="amb_3D_desert_emitter"
	clamp_to_water_level=no
	render_under_water=no
	generated_content=no
	layer="building_layer"
	entity="map_ambient_3D_desert"
	count=0
}
object={
	name="amb_3D_field_emitter"
	clamp_to_water_level=no
	render_under_water=no
	generated_content=no
	layer="building_layer"
	entity="map_ambient_3D_field"
	count=3
	transform="3453.542969 0.000000 2731.736816 0.000000 0.000000 0.000000 1.000000 1.000000 1.000000 1.000000
3510.250732 0.000000 2453.231201 0.000000 0.000000 0.000000 1.000000 1.000000 1.000000 1.000000
3020.896973 0.000000 2327.587158 0.000000 0.000000 0.000000 1.000000 1.000000 1.000000 1.000000
"}
object={
	name="amb_3D_forest_emitter"
	clamp_to_water_level=no
	render_under_water=no
	generated_content=no
	layer="building_layer"
	entity="map_ambient_3D_forest"
	count=0
}
object={
	name="amb_3D_mountain_emitter"
	clamp_to_water_level=no
	render_under_water=no
	generated_content=no
	layer="building_layer"
	entity="map_ambient_3D_mountain"
	count=9
	transform="3059.811523 0.000000 1777.963501 0.000000 0.000000 0.000000 1.000000 1.000000 1.000000 1.000000
3033.563477 0.000000 1850.846802 0.000000 0.000000 0.000000 1.000000 1.000000 1.000000 1.000000
2981.233643 0.000000 1795.939209 0.000000 0.000000 0.000000 1.000000 1.000000 1.000000 1.000000
2948.900146 0.000000 1867.247803 0.000000 0.000000 0.000000 1.000000 1.000000 1.000000 1.000000
2994.173096 0.000000 1916.015625 0.000000 0.000000 0.000000 1.000000 1.000000 1.000000 1.000000
2902.620361 0.000000 1773.811279 0.000000 0.000000 0.000000 1.000000 1.000000 1.000000 1.000000
2762.019531 0.000000 1691.168457 0.000000 0.000000 0.000000 1.000000 1.000000 1.000000 1.000000
2710.699219 0.000000 1780.919556 0.000000 0.000000 0.000000 1.000000 1.000000 1.000000 1.000000
2766.076172 0.000000 1936.732666 0.000000 0.000000 0.000000 1.000000 1.000000 1.000000 1.000000
"}
object={
	name="amb_3D_ocean_emitter"
	clamp_to_water_level=yes
	render_under_water=no
	generated_content=no
	layer="building_layer"
	entity="map_ambient_3D_ocean"
	count=32
	transform="22.893209 0.000000 -1.179398 0.000000 0.000000 0.000000 1.000000 1.000000 1.000000 1.000000
280.199890 0.000000 7.701492 0.000000 0.000000 0.000000 1.000000 1.000000 1.000000 1.000000
0.365933 0.000000 236.069489 0.000000 0.000000 0.000000 1.000000 1.000000 1.000000 1.000000
0.544248 0.000000 473.197632 0.000000 0.000000 0.000000 1.000000 1.000000 1.000000 1.000000
0.544248 0.000000 834.552551 0.000000 0.000000 0.000000 1.000000 1.000000 1.000000 1.000000
0.544248 0.000000 1193.799805 0.000000 0.000000 0.000000 1.000000 1.000000 1.000000 1.000000
0.544248 0.000000 1432.332153 0.000000 0.000000 0.000000 1.000000 1.000000 1.000000 1.000000
0.544248 0.000000 1673.918945 0.000000 0.000000 0.000000 1.000000 1.000000 1.000000 1.000000
0.544250 0.000000 1908.908203 0.000000 0.000000 0.000000 1.000000 1.000000 1.000000 1.000000
0.544248 0.000000 2263.380371 0.000000 0.000000 0.000000 1.000000 1.000000 1.000000 1.000000
0.544248 0.000000 2508.555908 0.000000 0.000000 0.000000 1.000000 1.000000 1.000000 1.000000
0.544249 0.000000 2739.391113 0.000000 0.000000 0.000000 1.000000 1.000000 1.000000 1.000000
0.544248 0.000000 2970.134766 0.000000 0.000000 0.000000 1.000000 1.000000 1.000000 1.000000
0.270975 0.000000 3087.385254 0.000000 0.000000 0.000000 1.000000 1.000000 1.000000 1.000000
0.270972 0.000000 3200.847656 0.000000 0.000000 0.000000 1.000000 1.000000 1.000000 1.000000
0.270972 0.000000 3431.172852 0.000000 0.000000 0.000000 1.000000 1.000000 1.000000 1.000000
0.196632 0.000000 3678.721924 0.000000 0.000000 0.000000 1.000000 1.000000 1.000000 1.000000
0.196631 0.000000 3957.281006 0.000000 0.000000 0.000000 1.000000 1.000000 1.000000 1.000000
7.996634 0.000000 4090.304199 0.000000 0.000000 0.000000 1.000000 1.000000 1.000000 1.000000
3014.566895 0.000000 2379.162598 0.000000 0.000000 0.000000 1.000000 1.000000 1.000000 1.000000
161.945633 0.000000 4081.462158 0.000000 0.000000 0.000000 1.000000 1.000000 1.000000 1.000000
3674.985107 0.000000 2776.153809 0.000000 0.000000 0.000000 1.000000 1.000000 1.000000 1.000000
3540.741211 0.000000 2512.694092 0.000000 0.000000 0.000000 1.000000 1.000000 1.000000 1.000000
3524.976074 0.000000 2692.122314 0.000000 0.000000 0.000000 1.000000 1.000000 1.000000 1.000000
2842.816406 0.000000 2202.108398 0.000000 0.000000 0.000000 1.000000 1.000000 1.000000 1.000000
2880.013916 0.000000 2080.126953 0.000000 0.000000 0.000000 1.000000 1.000000 1.000000 1.000000
3028.742676 0.000000 2209.727051 0.000000 0.000000 0.000000 1.000000 1.000000 1.000000 1.000000
2886.704346 0.000000 2346.441406 0.000000 0.000000 0.000000 1.000000 1.000000 1.000000 1.000000
2728.675781 0.000000 2127.641602 0.000000 0.000000 0.000000 1.000000 1.000000 1.000000 1.000000
1298.928833 0.000000 4094.819824 0.000000 0.000000 0.000000 1.000000 1.000000 1.000000 1.000000
3665.047852 0.000000 1980.498047 0.000000 0.000000 0.000000 1.000000 1.000000 1.000000 1.000000
3898.677979 0.000000 1980.498047 0.000000 0.000000 0.000000 1.000000 1.000000 1.000000 1.000000
"}
object={
	name="amb_3D_river_emitter"
	clamp_to_water_level=no
	render_under_water=no
	generated_content=no
	layer="building_layer"
	entity="map_ambient_3D_river"
	count=0
}
