object={
	name="env_coast_foam_l"
	clamp_to_water_level=yes
	render_under_water=yes
	generated_content=no
	layer="coast_foam_layer"
	entity="env_coast_foam_l"
	count=33
	transform="376.698730 0.000000 200.414810 0.000000 0.137211 0.000000 0.990542 1.000000 1.000000 1.000000
397.097778 0.000000 193.281616 0.000000 0.187164 0.000000 0.982329 1.000000 1.000000 1.000000
418.581970 0.000000 183.210144 0.000000 0.249617 0.000000 0.968345 1.000000 1.000000 1.000000
988.533630 0.000000 76.508362 0.000000 0.077947 0.000000 0.996958 1.000000 1.000000 1.000000
958.723511 0.000000 82.027527 0.000000 0.032747 0.000000 0.999464 1.000000 1.000000 1.000000
884.003479 0.000000 88.386490 0.000000 -0.062513 0.000000 0.998044 1.000000 1.000000 1.000000
854.937866 0.000000 86.576515 0.000000 -0.071586 0.000000 0.997434 1.000000 1.000000 1.000000
820.530090 0.000000 84.998817 0.000000 -0.060114 0.000000 0.998192 1.000000 1.000000 1.000000
789.459656 0.000000 80.592934 0.000000 -0.097220 0.000000 0.995263 1.000000 1.000000 1.000000
550.268799 0.000000 100.025345 0.000000 0.334066 0.000000 0.942550 1.000000 1.000000 1.000000
588.223389 0.000000 77.482521 0.000000 0.228783 0.000000 0.973477 1.000000 1.000000 1.000000
628.177612 0.000000 59.427475 0.000000 0.157529 0.000000 0.987514 1.000000 1.000000 1.000000
691.502441 0.000000 52.276089 0.000000 -0.205959 0.000000 0.978561 1.000000 1.000000 1.000000
710.910278 0.000000 60.394974 0.000000 -0.222488 0.000000 0.974936 1.000000 1.000000 1.000000
2848.768311 0.000000 1633.374878 0.000000 -0.148195 0.000000 0.988958 1.000000 1.000000 1.000000
2805.746582 0.000000 1625.931885 0.000000 0.195839 0.000000 0.980636 1.000000 1.000000 1.000000
2785.125488 0.000000 1641.739990 0.000000 0.421630 0.000000 0.906768 1.000000 1.000000 1.000000
2766.558838 0.000000 1654.421509 0.000000 0.153655 0.000000 0.988125 1.000000 1.000000 1.000000
2728.483398 0.000000 1664.654175 0.000000 0.027706 0.000000 0.999616 1.000000 1.000000 1.000000
2619.787354 0.000000 1977.084595 0.000000 -0.997274 0.000000 0.073781 1.000000 1.000000 1.000000
2676.878174 0.000000 1977.057739 0.000000 -0.996265 0.000000 0.086344 1.000000 1.000000 1.000000
3170.734375 0.000000 2138.582275 0.000000 0.383643 0.000000 0.923482 1.000000 1.000000 1.000000
3152.976074 0.000000 2146.424072 0.000000 -0.104706 0.000000 -0.994503 1.000000 1.000000 1.000000
3131.372314 0.000000 2157.747559 0.000000 -0.296566 0.000000 -0.955012 1.000000 1.000000 1.000000
3109.479980 0.000000 2173.320068 0.000000 -0.339355 0.000000 -0.940658 1.000000 1.000000 1.000000
3078.271484 0.000000 2201.667480 0.000000 -0.349097 0.000000 -0.937087 1.000000 1.000000 1.000000
3054.578369 0.000000 2220.120605 0.000000 -0.247915 0.000000 -0.968782 1.000000 1.000000 1.000000
3029.763916 0.000000 2229.866211 0.000000 -0.109409 0.000000 -0.993997 1.000000 1.000000 1.000000
2829.106201 0.000000 2230.094238 0.000000 -0.408163 0.000000 0.912909 1.000000 1.000000 1.000000
2530.619385 0.000000 2118.194336 0.000000 -0.609086 0.000000 0.793104 1.000000 1.000000 1.000000
2529.605713 0.000000 2093.011230 0.000000 -0.692019 0.000000 0.721879 1.000000 1.000000 1.000000
2519.512451 0.000000 2058.773438 0.000000 -0.875041 0.000000 0.484048 1.000000 1.000000 1.000000
2532.821045 0.000000 2039.544922 0.000000 -0.897839 0.000000 0.440323 1.000000 1.000000 1.000000
"}
object={
	name="env_coast_foam_m"
	clamp_to_water_level=yes
	render_under_water=yes
	generated_content=no
	layer="coast_foam_layer"
	entity="env_coast_foam_m"
	count=8
	transform="2975.439941 0.000000 1698.365356 0.000000 -0.394803 0.000000 0.918766 1.000000 1.000000 1.000000
2942.682373 0.000000 1678.071533 0.000000 0.181664 0.000000 0.983361 1.000000 1.000000 1.000000
2907.082031 0.000000 1682.120605 0.000000 -0.373078 0.000000 0.927800 1.000000 1.000000 1.000000
2896.019043 0.000000 1671.374756 0.000000 -0.381923 0.000000 0.924194 1.000000 1.000000 1.000000
2868.528809 0.000000 1641.323608 0.000000 -0.370245 0.000000 0.928934 1.000000 1.000000 1.000000
2828.587158 0.000000 1626.473877 0.000000 -0.183734 0.000000 0.982976 1.000000 1.000000 1.000000
2650.484863 0.000000 1974.306763 0.000000 0.996871 0.000000 0.079045 1.000000 1.000000 1.000000
3187.050781 0.000000 2124.996826 0.000000 0.169526 0.000000 0.985526 1.000000 1.000000 1.000000
"}
object={
	name="env_coast_foam_s"
	clamp_to_water_level=yes
	render_under_water=yes
	generated_content=no
	layer="coast_foam_layer"
	entity="env_coast_foam_s"
	count=3
	transform="2995.398926 0.000000 2340.849609 0.000000 0.933277 0.000000 0.359159 1.000000 1.000000 1.000000
3026.625000 0.000000 2328.745850 0.000000 0.855581 0.000000 0.517669 1.000000 1.000000 1.000000
3017.536133 0.000000 2340.463867 0.000000 0.714358 0.000000 -0.699780 1.000000 1.000000 1.000000
"}
