object={
	name="lakes"
	clamp_to_water_level=yes
	render_under_water=no
	generated_content=no
	layer="lake_layer"
	pdxmesh="lake_mesh"
	count=5
	transform="2758.406494 1.189697 2395.373535 0.000000 0.667560 0.000000 0.744556 19.309107 19.309107 19.309107
2785.390137 1.020264 2392.417725 0.000000 0.667560 0.000000 0.744556 19.309107 19.309107 19.309107
2842.118896 -0.645264 2391.195068 0.000000 0.933277 0.000000 0.359159 10.681393 10.681393 10.681393
2812.452393 1.062744 2366.054199 0.000000 0.000000 0.000000 1.000000 6.191178 6.191178 6.191178
2832.655518 1.001709 2379.006348 0.000000 -0.204480 0.000000 0.978871 2.987565 2.987565 2.987565
"}
